{
  "adjacency_matrix_13x13": [
    [0,18,22,16,12,14,13,18,24,15,26,20,19],
    [18,0,12,8,18,16,16,22,14,28,35,6,32],
    [22,12,0,10,22,18,18,28,8,32,40,8,38],
    [16,8,10,0,20,14,14,26,6,28,38,10,36],
    [12,18,22,20,0,10,8,8,26,20,18,22,12],
    [14,16,18,14,10,0,6,6,20,18,16,20,8],
    [13,16,18,14,8,6,0,12,20,18,16,20,4],
    [18,22,28,26,8,6,12,0,32,26,12,28,4],
    [24,14,8,6,26,20,20,32,0,36,44,16,40],
    [15,28,32,28,20,18,18,26,36,0,14,30,22],
    [26,35,40,38,18,16,16,12,44,14,0,38,10],
    [20,6,8,10,22,20,20,28,16,30,38,0,34],
    [19,32,38,36,12,8,4,4,40,22,10,34,0]
  ]
}
